3047.00  31.6200  -102.810
3048.00  34.3600  -106.890
3054.00  33.9600  -102.770
3055.00  36.6000  -101.590
3060.00  38.5400  -107.690
3061.00  37.2600  -108.500
3062.00  35.8600  -106.520
3063.00  37.8600  -103.820
3067.00  38.8700  -100.960
3072.00  32.0400  -100.250
3074.00  32.6100  -106.740
3728.00  33.1500  -79.3600
3733.00  39.0100  -79.4700
3739.00  37.2900  -75.9300
3758.00  35.9700  -79.0900
3759.00  38.0000  -78.4700
3761.00  39.8600  -75.7900
4125.00  44.5600  -119.650
4126.00  43.4600  -113.560
4127.00  43.2000  -116.750
4128.00  43.4700  -119.690
4130.00  48.7400  -113.430
4131.00  43.6600  -110.710
4136.00  47.4200  -117.530
4137.00  45.1600  -113.010
4138.00  41.6200  -112.540
4139.00  41.8500  -119.640
4140.00  46.8800  -110.290
4141.00  43.2700  -124.320
4222.00  40.6500  -122.610
4236.00  44.4200  -123.330
4237.00  47.5100  -123.810
4990.00  43.7300  -96.6200
4994.00  48.3100  -95.8700
12987.0  26.5300  -98.0600
13301.0  39.8700  -93.1500
21514.0  19.5400  -155.580
21515.0  19.6500  -155.080
22016.0  29.3500  -103.210
23583.0  59.2800  -158.610
23801.0  31.7900  -86.0000
23802.0  31.8800  -87.7400
23803.0  34.8200  -89.4300
23904.0  35.8200  -91.7800
23906.0  28.3000  -96.8200
23907.0  30.6200  -98.0800
23908.0  37.4300  -94.5800
23909.0  37.6300  -91.7200
25379.0  57.0600  -135.330
25380.0  58.4300  -135.690
25381.0  55.0500  -131.590
25382.0  59.5100  -139.680
25522.0  58.2100  -155.920
25711.0  57.1600  -170.210
26494.0  64.9700  -147.510
26562.0  60.2000  -154.320
26563.0  60.7200  -150.450
26565.0  70.1600  -148.460
26655.0  68.0300  -162.920
26656.0  61.3500  -164.080
27516.0  71.3200  -156.610
53131.0  32.2400  -111.170
53132.0  31.5900  -110.510
53136.0  36.6200  -116.020
53138.0  39.0100  -114.210
53139.0  36.6000  -117.140
53149.0  38.3000  -111.290
53150.0  37.7600  -119.820
53151.0  33.4400  -117.190
53152.0  34.4100  -119.880
53154.0  32.8400  -114.190
53155.0  35.7600  -112.340
53182.0  36.5700  -101.610
53877.0  35.4900  -82.6100
53878.0  35.4200  -82.5600
53926.0  36.1200  -97.0900
53927.0  36.1300  -97.1100
53960.0  30.0900  -91.8700
53961.0  32.8800  -92.1200
53968.0  31.7800  -95.7200
53974.0  39.1000  -96.6100
54794.0  43.1700  -70.9300
54795.0  43.1100  -70.9500
54796.0  41.4900  -71.5400
54797.0  41.4800  -71.5400
54808.0  40.0500  -88.3700
54810.0  46.3300  -86.9200
54811.0  41.8400  -88.8500
54854.0  44.9100  -84.7200
54856.0  40.7600  -81.9100
54902.0  41.5600  -93.2900
54903.0  44.0600  -90.1700
54932.0  46.1100  -92.9900
54933.0  45.7100  -99.1300
54937.0  46.7700  -99.4800
56401.0  63.0300  -145.500
63826.0  33.3600  -81.3300
63828.0  31.3100  -84.4700
63829.0  31.1900  -84.4500
63831.0  32.3400  -89.0700
63838.0  38.0900  -84.7500
63849.0  37.2500  -86.2300
63850.0  33.7800  -83.3900
63855.0  36.0100  -85.1300
63856.0  30.8100  -81.4600
63857.0  34.2900  -85.9600
63858.0  32.4600  -87.2400
63862.0  34.5700  -85.6200
63867.0  34.2000  -86.8000
63868.0  34.6600  -87.3500
63869.0  30.5500  -87.8800
63891.0  32.8500  -86.6100
63892.0  32.8400  -88.1400
63893.0  32.7200  -87.6200
63894.0  34.7700  -87.6400
63895.0  34.4500  -87.7100
63896.0  34.6900  -86.0000
63897.0  32.3300  -86.9800
63898.0  38.8900  -86.5700
63899.0  31.1400  -87.0500
64756.0  41.7900  -73.7400
64757.0  44.2300  -79.7800
64758.0  42.4400  -76.2500
73801.0  33.2100  -87.5900
73802.0  31.9200  -86.3100
73803.0  33.5700  -86.0600
92821.0  28.6200  -80.6900
92826.0  25.9000  -81.3200
92827.0  27.1500  -81.3700
93243.0  37.2400  -120.880
93245.0  38.3200  -123.070
94059.0  48.4900  -105.210
94074.0  40.8100  -104.760
94075.0  40.0400  -105.540
94077.0  42.4200  -103.740
94078.0  42.6800  -108.670
94079.0  42.0700  -101.440
94080.0  46.8900  -103.380
94081.0  45.5200  -103.300
94082.0  40.2400  -108.970
94084.0  48.9700  -102.170
94085.0  44.0200  -100.350
94088.0  44.5200  -104.440
94644.0  44.9300  -68.7000
94645.0  46.9600  -67.8800
94995.0  40.8500  -96.5700
94996.0  40.7000  -96.8500
96404.0  62.7400  -141.210
96405.0  60.4700  -145.350
96406.0  64.5000  -154.130
96407.0  66.5600  -159.000
96408.0  63.4500  -150.870
96409.0  68.6500  -149.400
04223.0  48.5400  -121.450
