1.875000 19.300001
10.924999 37.525002
34.000000 83.125000
28.649998 91.900009
30.974998 87.425003
27.500000 81.324997
25.349998 86.749992
28.125000 66.800003
44.925003 106.774994
11.750000 49.025002
19.075001 46.000004
6.550000 92.700005
58.549999 124.924995
10.050000 66.699997
25.075001 95.050003
1000.000000 0.000000
29.224998 89.400009
17.850000 60.699997
1000.000000 0.000000
34.000000 87.449997
16.224998 65.650002
1000.000000 0.000000
1000.000000 0.000000
8.950000 87.075005
1000.000000 0.000000
38.875000 72.349998
1000.000000 0.000000
35.299999 75.150002
1000.000000 0.000000
12.525001 116.275009
7.325001 97.574997
31.525002 128.224991
1000.000000 0.000000
68.875000 121.925003
69.125000 109.974991
24.524998 60.574997
44.475002 135.600006
1000.000000 0.000000
1000.000000 0.000000
1000.000000 0.000000
35.550003 117.224998
42.399998 98.824997
0.900000 48.074997
1000.000000 0.000000
30.950001 111.450005
28.750000 89.150009
1000.000000 0.000000
1000.000000 0.000000
20.225000 58.325001
6.850000 22.624998
1000.000000 0.000000
1000.000000 0.000000
1000.000000 0.000000
4.775000 56.375000
1000.000000 0.000000
23.325001 79.125000
1000.000000 0.000000
1000.000000 0.000000
41.025002 109.075005
26.925001 95.625000
31.500000 103.624992
44.425003 115.474998
22.550001 105.150002
37.724998 102.125000
16.475000 92.324997
23.050001 87.175003
34.000000 134.774994
1000.000000 0.000000
1000.000000 0.000000
45.000000 86.850006
20.225000 67.624992
62.875000 118.699997
16.925001 64.350006
52.025002 108.425003
37.850002 117.150002
15.250000 54.150002
1000.000000 0.000000
59.099998 106.699997
5.250000 40.075001
51.599998 79.124992
24.475000 85.849998
1000.000000 0.000000
30.599998 77.950005
14.625000 39.325001
9.175000 50.700001
18.400000 84.000000
38.074997 102.174995
41.474998 93.300003
8.725000 60.825005
49.474998 118.175003
3.400000 36.900002
15.825000 80.475006
86.875000 164.899994
13.775001 56.824997
43.800003 110.900002
8.500000 60.750000
1000.000000 0.000000
32.325001 115.275002
1000.000000 0.000000
1000.000000 0.000000
2.425000 93.675003
27.674999 53.200001
11.125000 55.324997
33.099998 76.975006
39.249996 77.175003
5.950000 21.725002
1000.000000 0.000000
