0.150000 12.750000
7.650000 41.000000
22.525002 53.849998
21.325001 87.500000
30.250000 84.399994
31.824999 81.450005
20.174999 87.475006
20.375000 48.175003
46.575005 110.900002
7.025001 38.125000
13.924999 43.025002
5.175000 39.674999
61.000004 108.500000
9.175000 56.975002
16.949999 88.125000
1000.000000 0.000000
23.225000 91.149994
14.900000 19.350000
1000.000000 0.000000
30.650002 38.750000
14.224998 70.274994
1000.000000 0.000000
1000.000000 0.000000
11.525000 55.349998
1000.000000 0.000000
35.950001 64.474998
1000.000000 0.000000
34.700001 39.750000
1000.000000 0.000000
7.525000 55.899998
50.500000 91.750000
44.750000 128.000000
1000.000000 0.000000
45.150002 125.849998
76.325005 135.074997
19.174999 51.899994
34.825001 137.099991
1000.000000 0.000000
1000.000000 0.000000
1000.000000 0.000000
28.875000 123.024994
25.025002 98.199997
0.975000 34.775002
1000.000000 0.000000
25.500000 109.650002
25.000000 95.524994
1000.000000 0.000000
1000.000000 0.000000
15.699999 38.375000
4.025000 17.825001
1000.000000 0.000000
1000.000000 0.000000
1000.000000 0.000000
4.525000 41.549995
1000.000000 0.000000
27.325001 72.450005
1000.000000 0.000000
1000.000000 0.000000
20.275002 55.075001
16.175001 93.099991
34.000000 94.324997
39.599998 109.575005
18.099998 71.699997
43.599998 103.199997
29.349998 89.274994
21.700001 87.750000
32.049999 133.324997
1000.000000 0.000000
1000.000000 0.000000
34.575001 86.724998
19.575001 71.175003
47.775002 118.474998
9.800000 56.674999
53.900002 113.574997
50.799999 119.099998
6.775001 45.725002
1000.000000 0.000000
46.199997 113.824997
5.200000 41.524998
41.575005 65.074997
25.799999 90.050003
1000.000000 0.000000
29.400002 75.250000
9.200000 36.525002
4.075000 46.025002
31.599998 91.350006
49.324997 102.074997
21.325001 91.174995
4.100000 54.924999
32.299999 118.675003
2.325000 28.049999
20.500000 82.150002
76.650002 157.250000
7.125000 54.900002
53.575001 110.125000
19.900000 66.574997
1000.000000 0.000000
25.525000 107.974998
1000.000000 0.000000
1000.000000 0.000000
1.850000 17.299999
24.600000 31.100002
15.000000 41.250000
1000.000000 0.000000
44.775002 100.750008
6.900000 26.775000
1000.000000 0.000000
