4.225000 22.100000
11.275001 44.324997
45.950005 96.674995
28.549999 96.049995
27.500000 81.500000
26.399998 51.674999
14.599999 81.875000
29.150000 72.050003
45.100002 98.550003
15.550001 54.200001
19.000000 50.924995
5.425000 91.849991
56.450001 120.925003
15.500001 67.574997
28.075001 94.400009
1000.000000 0.000000
55.174999 98.450005
11.475000 43.125000
1000.000000 0.000000
35.700001 85.474998
14.700001 54.675003
1000.000000 0.000000
1000.000000 0.000000
8.400001 85.049988
1000.000000 0.000000
35.750000 81.149994
1000.000000 0.000000
35.849998 77.275002
1000.000000 0.000000
18.650000 88.675003
7.150001 84.199997
30.875000 112.324997
1000.000000 0.000000
1000.000000 0.000000
42.500000 129.250015
24.275000 67.724998
38.175003 133.574997
1000.000000 0.000000
1000.000000 0.000000
1000.000000 0.000000
48.699997 119.050003
23.474998 101.800003
1000.000000 0.000000
1000.000000 0.000000
30.699999 108.150009
23.800001 88.800003
1000.000000 0.000000
1000.000000 0.000000
17.574999 60.825001
4.000000 20.249998
1000.000000 0.000000
1000.000000 0.000000
1000.000000 0.000000
5.500000 65.600006
1000.000000 0.000000
18.225000 73.649994
1000.000000 0.000000
1000.000000 0.000000
41.150002 122.324997
1000.000000 0.000000
46.000004 107.875000
42.849998 113.424995
31.899998 96.250000
41.450001 103.824997
17.875000 81.500000
1000.000000 0.000000
35.349998 145.025009
1000.000000 0.000000
1000.000000 0.000000
31.375000 84.700005
13.850000 73.649994
56.549995 120.674988
28.700001 68.599998
55.849998 117.924995
1000.000000 0.000000
9.275001 52.575001
1000.000000 0.000000
54.025002 107.574997
6.325001 43.549999
43.175003 82.500000
23.549999 74.250000
1000.000000 0.000000
1000.000000 0.000000
15.400000 42.474998
1000.000000 0.000000
28.000002 83.525002
43.250000 101.599998
1000.000000 0.000000
8.325000 67.125000
89.575005 113.250008
7.875000 31.549999
22.950001 82.825005
109.749992 164.750000
11.775000 57.500000
45.974998 109.674995
13.225000 67.574997
1000.000000 0.000000
28.424999 115.499992
1000.000000 0.000000
1000.000000 0.000000
1000.000000 0.000000
23.924999 68.700005
11.075001 66.774994
1000.000000 0.000000
30.375000 80.250000
4.150000 24.875000
1000.000000 0.000000
