0.300000 12.849999
10.750000 38.025002
30.450001 75.800003
23.299999 98.500000
31.625000 74.375000
32.075001 72.300003
23.400002 121.674995
19.225002 75.524994
39.400002 112.024994
12.725000 42.625000
15.250001 36.099998
10.475000 93.649994
1000.000000 0.000000
1000.000000 0.000000
13.299999 88.875000
1000.000000 0.000000
1000.000000 0.000000
1000.000000 0.000000
1000.000000 0.000000
1000.000000 0.000000
14.775000 70.125000
1000.000000 0.000000
1000.000000 0.000000
1000.000000 0.000000
1000.000000 0.000000
1000.000000 0.000000
1000.000000 0.000000
1000.000000 0.000000
1000.000000 0.000000
1000.000000 0.000000
1000.000000 0.000000
48.875004 122.000000
1000.000000 0.000000
91.224991 125.924995
1000.000000 0.000000
22.575001 59.925003
64.425003 138.375000
1000.000000 0.000000
1000.000000 0.000000
1000.000000 0.000000
29.325001 124.349991
23.574999 94.849998
1000.000000 0.000000
1000.000000 0.000000
32.824997 113.325005
25.774998 92.925003
1000.000000 0.000000
1000.000000 0.000000
15.725000 61.824997
2.950000 33.250000
1000.000000 0.000000
1000.000000 0.000000
1000.000000 0.000000
1000.000000 0.000000
1000.000000 0.000000
1000.000000 0.000000
1000.000000 0.000000
1000.000000 0.000000
1000.000000 0.000000
33.200001 102.825005
37.099998 101.875000
42.799995 115.074997
23.875000 102.099998
42.724998 106.975006
24.425001 86.625000
22.150000 88.925003
41.049999 135.825012
1000.000000 0.000000
1000.000000 0.000000
21.674999 77.974998
7.900000 65.574997
51.949997 118.074997
1000.000000 0.000000
44.974998 108.925003
32.750000 117.849998
1000.000000 0.000000
1000.000000 0.000000
65.625000 120.674988
6.975000 39.424999
1000.000000 0.000000
29.575001 90.000000
1000.000000 0.000000
27.924999 68.574997
8.125001 33.899998
3.825000 49.150002
16.700001 88.899994
37.424999 103.774994
21.950001 93.649994
5.375000 61.324997
36.524998 118.725006
2.150000 23.375000
13.375001 81.025002
82.099998 164.799988
6.125000 60.699997
28.850000 108.624992
1000.000000 0.000000
1000.000000 0.000000
1000.000000 0.000000
1000.000000 0.000000
1000.000000 0.000000
1.100000 88.525002
1000.000000 0.000000
1000.000000 0.000000
31.725002 55.599998
46.700001 65.849998
1000.000000 0.000000
1000.000000 0.000000
