-0.070143 0.419101 0.192542
-0.271818 0.489141 0.575823
-0.471000 0.418492 0.444160
-0.420964 0.551514 0.762773
0.331926 0.382725 0.590235
-0.167916 0.000366 0.000068
0.654912 0.504118 0.523333
-0.419081 0.305365 0.321300
-1.012039 0.534048 0.683365
-0.103338 0.588825 0.291451
-0.253369 0.517311 0.467133
-0.727050 0.509652 0.315660
0.028215 0.001518 0.001245
0.009631 0.000052 0.000000
-0.057879 0.002812 0.001227
-99.000000 -99.000000 -99.000000
-1.265822 0.459526 0.330083
-0.032868 0.000009 0.000017
-99.000000 -99.000000 -99.000000
-0.181119 0.000489 0.000190
-0.268367 0.001922 0.001011
-99.000000 -99.000000 -99.000000
-99.000000 -99.000000 -99.000000
0.267620 0.497588 0.500869
-99.000000 -99.000000 -99.000000
0.201606 0.570301 0.566381
-99.000000 -99.000000 -99.000000
-0.000624 0.000002 -0.000015
-99.000000 -99.000000 -99.000000
0.072609 0.000010 0.000000
-1.616192 0.206520 0.129765
-0.627364 0.341657 0.221430
-99.000000 -99.000000 -99.000000
-0.405851 0.455400 0.425422
-0.714667 0.477227 0.602206
0.377888 0.495225 0.277808
-0.880751 0.529365 0.646163
-99.000000 -99.000000 -99.000000
-99.000000 -99.000000 -99.000000
-99.000000 -99.000000 -99.000000
0.054569 0.000036 0.000000
-1.033075 0.398574 0.269552
-1.033075 0.398574 -99.000000
-99.000000 -99.000000 -99.000000
-0.658025 0.526439 0.351898
-0.779896 0.448281 0.283864
-99.000000 -99.000000 -99.000000
-99.000000 -99.000000 -99.000000
0.238252 0.533560 0.504351
-0.014851 0.000025 0.000000
-99.000000 -99.000000 -99.000000
-99.000000 -99.000000 -99.000000
-99.000000 -99.000000 -99.000000
0.439560 0.340254 0.230373
-99.000000 -99.000000 -99.000000
-0.029714 0.000005 -0.000000
-99.000000 -99.000000 -99.000000
-99.000000 -99.000000 -99.000000
-0.380799 0.546080 0.674384
-1.177358 0.453908 0.340420
-0.003865 0.000082 0.000000
-0.461124 0.576598 0.700244
-0.271071 0.606836 0.520180
-0.059895 0.000053 0.000000
-99.000000 -99.000000 -99.000000
-0.445443 0.511483 0.347815
-99.000000 -99.000000 -99.000000
-99.000000 -99.000000 -99.000000
-99.000000 -99.000000 -99.000000
-0.842433 0.491246 0.243072
-1.013874 0.484139 0.260302
-0.805586 0.505211 0.495702
0.027368 0.000000 0.000002
-0.763103 0.480153 0.558949
-1.632015 0.556813 0.578816
0.054936 0.000068 0.000047
-99.000000 -99.000000 -99.000000
-0.568053 0.512720 0.379216
-0.347908 0.401424 0.284529
-0.703602 0.490148 0.262172
-0.157487 0.563280 0.515249
-99.000000 -99.000000 -99.000000
-0.988733 0.541553 0.367918
-0.340423 0.384035 0.184373
-0.308501 0.491164 0.263901
-0.072282 0.000057 0.000000
-1.904157 0.445421 0.377368
-1.064925 0.488369 0.273988
-0.773797 0.489075 0.286580
-2.262668 0.516661 0.398557
0.148341 0.400326 0.078001
0.017764 0.000147 0.000000
-0.090380 0.000440 0.000001
-0.071519 0.000006 0.000000
-1.240091 0.492116 0.383973
0.007964 0.000485 0.000338
-99.000000 -99.000000 -99.000000
-1.355362 0.486987 0.516539
-99.000000 -99.000000 -99.000000
-99.000000 -99.000000 -99.000000
-0.531223 0.348244 0.266383
0.056077 0.000007 -0.000000
0.362448 0.332512 0.153691
-0.648307 0.497730 0.562120
-0.603039 0.436064 0.594899
-0.162237 0.313499 0.244219
-99.000000 -99.000000 -99.000000
