2.150000 17.050001
11.224999 44.025002
30.400000 90.349998
22.425001 89.874992
31.100002 83.350006
27.350002 83.625000
15.850000 94.324997
25.974998 62.500000
37.424999 103.750000
14.400001 53.450005
18.199999 38.650002
6.750000 90.900002
50.099998 115.074997
15.599999 64.375000
23.474998 92.425003
1000.000000 0.000000
24.825001 96.275009
16.724998 58.125000
1000.000000 0.000000
35.200001 91.774994
16.075001 68.599998
1000.000000 0.000000
1000.000000 0.000000
13.900002 88.199997
1000.000000 0.000000
34.899998 74.450005
1000.000000 0.000000
37.275002 70.000000
1000.000000 0.000000
15.750000 108.450005
12.025002 85.625000
30.549999 129.500000
1000.000000 0.000000
63.424995 122.924995
77.499992 136.649994
23.699999 52.049999
61.724998 133.925003
1000.000000 0.000000
1000.000000 0.000000
1000.000000 0.000000
36.200001 116.674995
29.799999 93.600006
7.075000 36.450001
1000.000000 0.000000
45.275002 109.699997
29.900000 88.900002
1000.000000 0.000000
1000.000000 0.000000
18.500000 61.674999
5.025000 23.975000
1000.000000 0.000000
1000.000000 0.000000
1000.000000 0.000000
4.500000 63.875004
1000.000000 0.000000
24.050003 81.099998
1000.000000 0.000000
1000.000000 0.000000
28.099998 103.699997
21.475000 96.099998
30.225000 101.275009
43.850002 114.775002
25.799999 94.775002
42.824997 107.474991
16.975000 85.424995
28.775002 86.350006
1000.000000 0.000000
1000.000000 0.000000
1000.000000 0.000000
15.275000 90.275002
8.200000 72.800003
73.225006 115.824997
14.000001 61.000000
60.174999 127.399994
33.800003 116.800003
6.325000 53.974998
1000.000000 0.000000
60.725002 106.300003
6.975000 41.599998
48.999996 100.699997
30.275002 79.050003
1000.000000 0.000000
30.799999 79.574997
12.150000 41.825005
6.000000 50.750000
17.100000 80.924995
38.699997 99.650002
45.500000 92.649994
6.100000 59.500000
27.375002 118.099991
4.775000 35.050003
11.625000 81.599998
53.474998 160.299988
7.900000 55.474998
54.775002 110.924995
8.750000 66.575005
1000.000000 0.000000
21.324999 113.549995
1000.000000 0.000000
1000.000000 0.000000
1000.000000 0.000000
28.750000 66.750000
10.100000 63.074997
31.300001 78.474998
35.949997 83.400002
4.875000 23.400000
1000.000000 0.000000
