0.150000 23.175001
7.650000 48.875000
19.375000 96.674995
21.199999 103.099991
25.749998 87.425003
23.975000 90.200005
14.599999 121.674995
16.975000 79.925003
37.424999 112.024994
7.025001 54.200001
13.924999 56.625004
3.875000 93.649994
50.099998 124.924995
9.175000 69.649994
13.299999 96.474998
1000.000000 0.000000
23.225000 99.775002
10.650001 66.699997
1000.000000 0.000000
30.650002 110.800003
12.449999 75.825005
1000.000000 0.000000
1000.000000 0.000000
8.225000 96.925003
1000.000000 0.000000
33.525002 91.250000
1000.000000 0.000000
29.150000 77.774994
1000.000000 0.000000
7.525000 116.275009
6.200000 97.574997
29.450001 132.550003
1000.000000 0.000000
45.150002 125.924995
38.549999 137.199997
19.174999 67.724998
30.950001 140.324997
1000.000000 0.000000
1000.000000 0.000000
1000.000000 0.000000
28.875000 124.349991
23.424999 102.949997
0.800000 96.175003
1000.000000 0.000000
25.500000 114.025002
22.500000 95.524994
1000.000000 0.000000
1000.000000 0.000000
14.850000 61.975002
2.950000 33.250000
1000.000000 0.000000
1000.000000 0.000000
1000.000000 0.000000
3.850000 65.600006
1000.000000 0.000000
18.225000 90.050011
1000.000000 0.000000
1000.000000 0.000000
20.275002 122.324997
16.175001 102.825005
30.225000 108.425003
34.875000 123.149994
13.775001 106.450005
37.724998 107.974998
16.475000 92.324997
21.700001 91.275009
31.775002 146.300003
1000.000000 0.000000
1000.000000 0.000000
14.900000 90.924995
7.900000 79.600006
42.449997 125.324997
9.800000 89.724998
41.774998 131.500000
29.724998 119.099998
6.325000 54.875000
1000.000000 0.000000
40.625000 120.674988
3.600000 43.549999
16.175001 100.699997
20.599998 90.050003
1000.000000 0.000000
27.924999 81.049995
8.125001 42.474998
3.825000 55.024994
16.700001 103.175003
32.375000 103.774994
21.100002 95.974998
4.100000 67.125000
27.350002 120.400002
2.150000 39.299999
11.625000 83.275002
53.474998 169.700012
6.125000 61.899994
28.850000 110.924995
7.375000 70.275002
1000.000000 0.000000
21.324999 117.050003
1000.000000 0.000000
1000.000000 0.000000
1.100000 94.775009
22.150002 85.424995
9.975000 68.649994
19.100000 87.099998
26.500000 100.750008
4.150000 26.775000
1000.000000 0.000000
