3.600000 19.674999
11.925000 45.799999
36.575005 86.049995
23.950001 93.775009
31.824999 84.400009
26.075001 87.875000
15.299999 81.074997
32.875000 79.925003
46.000000 106.049995
16.625002 47.299995
18.775000 49.224998
10.799999 90.150002
51.875000 113.899994
16.075001 65.924995
26.500000 89.949997
1000.000000 0.000000
45.849998 93.450005
13.750000 59.099998
1000.000000 0.000000
37.974998 110.800003
14.800000 75.825005
1000.000000 0.000000
1000.000000 0.000000
8.225000 88.325005
1000.000000 0.000000
34.725002 77.300003
1000.000000 0.000000
33.375000 74.550003
1000.000000 0.000000
17.400000 105.524994
6.200000 89.949997
34.250000 123.325005
1000.000000 0.000000
48.225002 122.750000
47.950001 126.875000
22.474998 54.674995
42.099998 134.224991
1000.000000 0.000000
1000.000000 0.000000
1000.000000 0.000000
52.974998 116.449997
45.400002 99.899994
1000.000000 0.000000
1000.000000 0.000000
44.425003 108.525002
30.524998 91.725006
1000.000000 0.000000
1000.000000 0.000000
14.850000 61.975002
5.125000 23.375000
1000.000000 0.000000
1000.000000 0.000000
1000.000000 0.000000
4.725000 62.550003
1000.000000 0.000000
20.150002 72.000000
1000.000000 0.000000
1000.000000 0.000000
27.900000 122.250000
1000.000000 0.000000
39.424999 96.124992
43.824997 119.449997
26.549999 98.175003
43.424995 102.849998
30.125000 85.100006
1000.000000 0.000000
42.849998 105.550003
1000.000000 0.000000
1000.000000 0.000000
36.650002 83.174988
19.974998 69.299995
51.000000 116.849991
28.724998 67.399994
51.375000 113.974998
1000.000000 0.000000
15.149999 54.025002
1000.000000 0.000000
55.275002 107.399994
6.375000 39.575001
47.200005 83.474998
25.325001 72.924995
1000.000000 0.000000
1000.000000 0.000000
15.074999 42.449997
11.150000 52.975002
24.325001 83.625000
48.299999 97.200005
41.274994 95.974998
13.175000 56.550003
56.324997 117.024994
6.450000 32.474998
23.175001 78.150009
78.449997 165.999985
16.450001 57.275002
48.974998 109.250000
18.300001 68.625000
1000.000000 0.000000
48.549999 115.175003
1000.000000 0.000000
1000.000000 0.000000
1000.000000 0.000000
22.150002 85.424995
10.500000 66.474998
24.125000 70.825005
28.525000 78.400002
6.775000 22.325001
1000.000000 0.000000
