0.725000 18.799999
9.225000 38.575001
24.575001 54.724998
21.199999 88.950005
29.625000 82.574997
26.275002 75.924995
19.475000 100.100006
16.975000 63.500000
46.399998 106.275009
8.300000 44.125000
14.250000 36.000000
3.875000 41.674999
50.200005 116.000000
12.500000 67.174995
19.100000 86.650002
1000.000000 0.000000
24.075001 93.099991
17.125000 60.675003
1000.000000 0.000000
31.525002 91.175003
12.449999 48.599998
1000.000000 0.000000
1000.000000 0.000000
8.299999 94.249992
1000.000000 0.000000
37.349998 67.175003
1000.000000 0.000000
29.150000 63.049999
1000.000000 0.000000
8.225000 107.650002
9.924999 94.349991
41.424999 132.550003
1000.000000 0.000000
45.474998 122.299995
38.549999 121.100006
19.349998 45.224998
33.175003 140.324997
1000.000000 0.000000
1000.000000 0.000000
1000.000000 0.000000
31.599998 119.774994
23.424999 91.549995
1.050000 39.225002
1000.000000 0.000000
26.374998 107.025002
22.500000 89.274994
1000.000000 0.000000
1000.000000 0.000000
16.250000 61.149998
4.000000 14.475000
1000.000000 0.000000
1000.000000 0.000000
1000.000000 0.000000
3.850000 56.899994
1000.000000 0.000000
21.625000 80.449997
1000.000000 0.000000
1000.000000 0.000000
31.075001 81.149994
25.850000 94.000008
36.325001 88.775009
34.875000 111.474998
13.775001 93.625000
45.974998 103.074997
23.325001 77.650002
21.900002 91.275009
31.775002 128.350006
1000.000000 0.000000
1000.000000 0.000000
39.950001 89.749992
31.000000 72.250000
42.649998 106.650009
17.324999 57.750000
41.774998 111.425003
29.724998 117.399994
8.075000 46.625000
1000.000000 0.000000
40.625000 102.649994
4.350000 38.225002
27.474998 83.174988
20.599998 76.625000
1000.000000 0.000000
28.150002 69.075005
10.225000 40.849998
7.100000 46.350002
29.650000 88.500000
34.125000 101.175003
21.100002 86.000000
5.350000 51.525002
27.350002 117.250000
2.700000 35.799999
15.974999 83.174988
94.049995 164.974991
11.950001 56.549995
30.099998 109.250000
14.549999 64.674995
1000.000000 0.000000
25.674999 113.525009
1000.000000 0.000000
1000.000000 0.000000
1.625000 94.775009
25.225000 60.574997
11.200000 53.824997
1000.000000 0.000000
31.975002 86.599998
5.950000 25.400000
1000.000000 0.000000
