4.600000 23.175001
11.949999 48.875000
19.375000 71.050003
38.950001 77.349998
25.749998 81.074997
25.075001 80.875000
19.475000 95.675003
26.599998 55.850006
48.450005 97.449997
16.825001 51.075001
23.099998 51.549995
1000.000000 0.000000
61.049995 109.400009
15.700001 66.675003
1000.000000 0.000000
1000.000000 0.000000
35.875000 94.575005
10.650001 42.724998
1000.000000 0.000000
35.275002 82.875000
14.524999 61.525002
1000.000000 0.000000
1000.000000 0.000000
9.950001 87.299995
1000.000000 0.000000
42.399998 76.875000
1000.000000 0.000000
33.299999 76.650002
1000.000000 0.000000
19.875000 87.449997
11.300000 87.550003
29.450001 119.199997
1000.000000 0.000000
1000.000000 0.000000
73.149994 134.675003
25.000000 64.625000
48.425003 134.799988
1000.000000 0.000000
1000.000000 0.000000
1000.000000 0.000000
41.625000 116.525002
31.949999 84.125000
1000.000000 0.000000
1000.000000 0.000000
30.325003 114.025002
29.650002 87.675003
1000.000000 0.000000
1000.000000 0.000000
16.724998 57.875000
8.700000 27.325001
1000.000000 0.000000
1000.000000 0.000000
1000.000000 0.000000
5.675000 55.450001
1000.000000 0.000000
18.674999 86.399994
1000.000000 0.000000
1000.000000 0.000000
41.149998 114.000000
1000.000000 0.000000
38.500000 104.274994
41.399998 117.000000
35.524998 106.450005
47.950001 107.974998
28.500000 84.525002
1000.000000 0.000000
50.074997 141.925003
1000.000000 0.000000
1000.000000 0.000000
14.900000 87.875000
9.150000 71.050003
45.450001 125.324997
34.724998 65.349998
48.425003 131.500000
1000.000000 0.000000
10.825000 53.724998
1000.000000 0.000000
47.750000 111.750000
7.675000 41.150002
31.749996 83.525002
24.549999 83.724991
1000.000000 0.000000
1000.000000 0.000000
16.750000 41.350002
1000.000000 0.000000
74.250000 84.174995
38.474998 98.600006
1000.000000 0.000000
10.225000 65.425003
1000.000000 0.000000
6.550000 27.500000
27.375000 83.275002
67.550003 167.975006
10.525000 61.500008
49.949997 104.849998
7.375000 70.075005
1000.000000 0.000000
29.525002 117.050003
1000.000000 0.000000
1000.000000 0.000000
1000.000000 0.000000
30.250000 75.524994
10.000000 50.450001
19.100000 76.400002
26.500000 92.600006
5.300000 24.200001
1000.000000 0.000000
