0.700000 16.325001
9.375000 41.900002
27.975002 77.574997
25.500000 82.500000
31.150000 83.824997
29.450001 74.849998
20.725002 79.775002
28.750000 53.224998
51.149998 109.824997
11.300000 45.424999
17.349998 48.050003
5.625000 91.074997
73.974998 118.424995
13.875000 65.250000
19.275000 90.900002
1000.000000 0.000000
29.099998 95.824997
18.574999 66.699997
1000.000000 0.000000
38.175003 90.574997
14.049999 65.649994
1000.000000 0.000000
1000.000000 0.000000
9.975000 96.925003
1000.000000 0.000000
35.799999 75.150002
1000.000000 0.000000
36.099998 72.375000
1000.000000 0.000000
9.950000 115.575012
24.799999 94.099998
39.324997 129.150009
1000.000000 0.000000
53.600002 123.925003
67.675003 135.825012
22.725000 59.650002
39.599998 136.250000
1000.000000 0.000000
1000.000000 0.000000
1000.000000 0.000000
34.150002 117.824997
31.950001 84.650002
0.800000 34.025002
1000.000000 0.000000
31.125000 108.474998
23.900002 85.074997
1000.000000 0.000000
1000.000000 0.000000
16.375000 54.400002
4.400000 18.525000
1000.000000 0.000000
1000.000000 0.000000
1000.000000 0.000000
5.375000 56.350002
1000.000000 0.000000
22.500000 81.425003
1000.000000 0.000000
1000.000000 0.000000
33.049999 94.075005
46.624992 96.674995
37.775002 98.024994
44.825001 113.525002
20.225000 68.525002
53.349998 107.150002
32.099998 85.699997
34.375000 85.650009
35.125000 127.449997
1000.000000 0.000000
1000.000000 0.000000
42.199997 87.075005
12.975000 79.600006
61.424999 122.450012
26.549999 64.800003
68.000000 101.175003
55.174999 116.250000
12.775001 54.875000
1000.000000 0.000000
48.599998 104.049995
5.775000 40.050003
41.149998 92.949997
28.875000 82.275002
1000.000000 0.000000
28.250000 79.375000
14.300001 40.900002
6.250000 53.074997
35.449997 103.175003
38.150002 99.525002
24.375000 89.350006
6.425000 57.525002
48.725006 117.299995
3.475000 37.625000
17.574999 77.500000
75.074997 161.975006
18.424999 61.899994
56.849998 106.975006
11.400000 70.275002
1000.000000 0.000000
38.474998 114.475006
1000.000000 0.000000
1000.000000 0.000000
2.375000 83.974998
30.850000 68.775002
9.975000 61.424999
1000.000000 0.000000
35.675003 77.200005
6.325000 24.600000
1000.000000 0.000000
